LJGauss
N     1001 R        0.1600000E-01      16.0000000
 
    1       0.0160000        0.1421085E+23       0.1065814E+26
    2       0.0320000        0.3469447E+19       0.1301043E+22
    3       0.0480000        0.2674023E+17       0.6685058E+19
    4       0.0640000        0.8470329E+15       0.1588187E+18
    5       0.0800000        0.5820765E+14       0.8731148E+16
    6       0.0960000        0.6528371E+13       0.8160467E+15
    7       0.1120000        0.1026698E+13       0.1100035E+15
    8       0.1280000        0.2067942E+12       0.1938700E+14
    9       0.1440000        0.5031601E+11       0.4193020E+13
   10       0.1600000        0.1421062E+11       0.1065805E+13
   11       0.1760000        0.4527882E+10       0.3087238E+12
   12       0.1920000        0.1593762E+10       0.9961263E+11
   13       0.2080000        0.6099087E+09       0.3518846E+11
   14       0.2240000        0.2506276E+09       0.1342733E+11
   15       0.2400000        0.1095071E+09       0.5475876E+10
   16       0.2560000        0.5047289E+08       0.2366250E+10
   17       0.2720000        0.2438133E+08       0.1075864E+10
   18       0.2880000        0.1227729E+08       0.5116995E+09
   19       0.3040000         6415559.           0.2533455E+09
   20       0.3200000         3465728.           0.1300344E+09
   21       0.3360000         1929145.           0.6894742E+08
   22       0.3520000         1103377.           0.3765072E+08
   23       0.3680000         646860.7           0.2111931E+08
   24       0.3840000         387880.9           0.1214054E+08
   25       0.4000000         237449.2            7137890.    
   26       0.4160000         148151.3            4284484.    
   27       0.4320000         94071.92            2621400.    
   28       0.4480000         60709.98            1632513.    
   29       0.4640000         39773.24            1033505.    
   30       0.4800000         26423.54            664350.7    
   31       0.4960000         17784.71            433163.9    
   32       0.5120000         12116.88            286189.7    
   33       0.5280000         8350.326            191429.7    
   34       0.5440000         5817.198            129523.2    
   35       0.5600000         4094.573            88575.87    
   36       0.5760000         2910.995            61174.63    
   37       0.5920000         2090.005            42636.72    
   38       0.6080000         1515.510            29966.18    
   39       0.6240000         1110.257            21223.09    
   40       0.6400000         822.2751            15136.99    
   41       0.6560000         616.2368            10866.79    
   42       0.6720000         467.8856            7849.839    
   43       0.6880000         360.4067            5705.940    
   44       0.7040000         282.0373            4175.599    
   45       0.7200000         224.4788            3079.930    
   46       0.7360000         181.8322            2294.346    
   47       0.7520000         149.8780            1731.162    
   48       0.7680000         125.5846            1328.007    
   49       0.7840000         106.7696            1040.049    
   50       0.8000000         91.86371            834.7514    
   51       0.8160000         79.74468            688.3167    
   52       0.8320000         69.61771            583.2582    
   53       0.8480000         60.92889            506.7255    
   54       0.8640000         53.30088            449.3335    
   55       0.8800000         46.48453            404.3250    
   56       0.8960000         40.32201            366.9560    
   57       0.9120000         34.71847            334.0267    
   58       0.9280000         29.62042            303.5131    
   59       0.9440000         24.99939            274.2678    
   60       0.9600000         20.83992            245.7742    
   61       0.9760000         17.13113            217.9435    
   62       0.9920000         13.86128            190.9504    
   63       1.0080000         11.01461            165.1033    
   64       1.0240000         8.570019            140.7473    
   65       1.0400000         6.501059            118.1961    
   66       1.0560000         4.776817            97.69031    
   67       1.0720000         3.363258            79.37708    
   68       1.0880000         2.224774            63.30647    
   69       1.1040000         1.325684            49.43980    
   70       1.1200000        0.6315316            37.66550    
   71       1.1360000        0.1101027            27.81852    
   72       1.1520000       -0.2678832            19.70021    
   73       1.1680000       -0.5283819            13.09649    
   74       1.1840000       -0.6939025            7.792821    
   75       1.2000000       -0.7835965            3.585592    
   76       1.2160000       -0.8134974           0.2896192    
   77       1.2320000       -0.7968530           -2.257670    
   78       1.2480000       -0.7445017           -4.194850    
   79       1.2640000       -0.6652532           -5.637181    
   80       1.2800000       -0.5662465           -6.678662    
   81       1.2960000       -0.4532681           -7.394866    
   82       1.3120000       -0.3310220           -7.846045    
   83       1.3280000       -0.2033505           -8.080175    
   84       1.3440000       -0.7340769E-01       -8.135709    
   85       1.3600000        0.5620724E-01       -8.043900    
   86       1.3760000        0.1833503           -7.830681    
   87       1.3920000        0.3062595           -7.518087    
   88       1.4080000        0.4235017           -7.125291    
   89       1.4240000        0.5339322           -6.669308    
   90       1.4400000        0.6366645           -6.165449    
   91       1.4560000        0.7310454           -5.627579    
   92       1.4720000        0.8166328           -5.068247    
   93       1.4880000        0.8931752           -4.498742    
   94       1.5040000        0.9605920           -3.929099    
   95       1.5200000         1.018953           -3.368087    
   96       1.5360000         1.068457           -2.823211    
   97       1.5520000         1.109415           -2.300714    
   98       1.5680000         1.142226           -1.805614    
   99       1.5840000         1.167361           -1.341747    
  100       1.6000000         1.185344          -0.9118489    
  101       1.6160000         1.196731          -0.5176402    
  102       1.6320000         1.202103          -0.1599339    
  103       1.6480000         1.202044           0.1612511    
  104       1.6640000         1.197134           0.4465706    
  105       1.6800000         1.187939           0.6972360    
  106       1.6960000         1.174999           0.9148978    
  107       1.7120000         1.158827            1.101537    
  108       1.7280000         1.139903            1.259363    
  109       1.7440000         1.118669            1.390726    
  110       1.7600000         1.095528            1.498040    
  111       1.7760000         1.070847            1.583712    
  112       1.7920000         1.044952            1.650096    
  113       1.8080000         1.018135            1.699444    
  114       1.8240000        0.9906496            1.733882    
  115       1.8400000        0.9627195            1.755381    
  116       1.8560000        0.9345367            1.765750    
  117       1.8720000        0.9062661            1.766627    
  118       1.8880000        0.8780474            1.759481    
  119       1.9040000        0.8499985            1.745614    
  120       1.9200000        0.8222175            1.726169    
  121       1.9360000        0.7947855            1.702145    
  122       1.9520000        0.7677687            1.674402    
  123       1.9680000        0.7412205            1.643679    
  124       1.9840000        0.7151835            1.610606    
  125       2.0000000        0.6896908            1.575715    
  126       2.0160000        0.6647679            1.539454    
  127       2.0320000        0.6404336            1.502197    
  128       2.0480000        0.6167012            1.464257    
  129       2.0640000        0.5935796            1.425893    
  130       2.0800000        0.5710738            1.387318    
  131       2.0960000        0.5491856            1.348709    
  132       2.1120000        0.5279145            1.310211    
  133       2.1280000        0.5072576            1.271943    
  134       2.1440000        0.4872106            1.234002    
  135       2.1600000        0.4677674            1.196470    
  136       2.1760000        0.4489210            1.159411    
  137       2.1920000        0.4306634            1.122879    
  138       2.2080000        0.4129858            1.086919    
  139       2.2240000        0.3958788            1.051567    
  140       2.2400000        0.3793323            1.016852    
  141       2.2560000        0.3633360           0.9827985    
  142       2.2720000        0.3478791           0.9494261    
  143       2.2880000        0.3329506           0.9167504    
  144       2.3040000        0.3185393           0.8847837    
  145       2.3200000        0.3046337           0.8535355    
  146       2.3360000        0.2912223           0.8230130    
  147       2.3520000        0.2782934           0.7932211    
  148       2.3680000        0.2658353           0.7641627    
  149       2.3840000        0.2538363           0.7358392    
  150       2.4000000        0.2422845           0.7082504    
  151       2.4160000        0.2311684           0.6813944    
  152       2.4320000        0.2204760           0.6552686    
  153       2.4480000        0.2101959           0.6298687    
  154       2.4640000        0.2003164           0.6051897    
  155       2.4800000        0.1908260           0.5812254    
  156       2.4960000        0.1817134           0.5579689    
  157       2.5120000        0.1729673           0.5354123    
  158       2.5280000        0.1645765           0.5135471    
  159       2.5440000        0.1565301           0.4923641    
  160       2.5600000        0.1488173           0.4718533    
  161       2.5760000        0.1414273           0.4520045    
  162       2.5920000        0.1343497           0.4328067    
  163       2.6080000        0.1275741           0.4142485    
  164       2.6240000        0.1210904           0.3963182    
  165       2.6400000        0.1148886           0.3790037    
  166       2.6560000        0.1089590           0.3622926    
  167       2.6720000        0.1032921           0.3461722    
  168       2.6880000        0.9787843E-01       0.3306297    
  169       2.7040000        0.9270892E-01       0.3156519    
  170       2.7200000        0.8777463E-01       0.3012256    
  171       2.7360000        0.8306683E-01       0.2873375    
  172       2.7520000        0.7857703E-01       0.2739742    
  173       2.7680000        0.7429693E-01       0.2611222    
  174       2.7840000        0.7021846E-01       0.2487681    
  175       2.8000000        0.6633377E-01       0.2368982    
  176       2.8160000        0.6263521E-01       0.2254993    
  177       2.8320000        0.5911535E-01       0.2145579    
  178       2.8480000        0.5576698E-01       0.2040608    
  179       2.8640000        0.5258311E-01       0.1939946    
  180       2.8800000        0.4955693E-01       0.1843463    
  181       2.8960000        0.4668187E-01       0.1751029    
  182       2.9120000        0.4395154E-01       0.1662516    
  183       2.9280000        0.4135979E-01       0.1577798    
  184       2.9440000        0.3890063E-01       0.1496750    
  185       2.9600000        0.3656830E-01       0.1419250    
  186       2.9760000        0.3435721E-01       0.1345175    
  187       2.9920000        0.3226197E-01       0.1274409    
  188       3.0080000        0.3027740E-01       0.1206834    
  189       3.0240000        0.2839846E-01       0.1142337    
  190       3.0400000        0.2662034E-01       0.1080805    
  191       3.0560000        0.2493836E-01       0.1022130    
  192       3.0720000        0.2334805E-01       0.9662038E-01
  193       3.0880000        0.2184510E-01       0.9129228E-01
  194       3.1040000        0.2042534E-01       0.8621849E-01
  195       3.1200000        0.1908480E-01       0.8138909E-01
  196       3.1360000        0.1781964E-01       0.7679441E-01
  197       3.1520000        0.1662618E-01       0.7242505E-01
  198       3.1680000        0.1550089E-01       0.6827185E-01
  199       3.1840000        0.1444038E-01       0.6432592E-01
  200       3.2000000        0.1344140E-01       0.6057864E-01
  201       3.2160000        0.1250084E-01       0.5702164E-01
  202       3.2320000        0.1161573E-01       0.5364679E-01
  203       3.2480000        0.1078322E-01       0.5044624E-01
  204       3.2640000        0.1000057E-01       0.4741239E-01
  205       3.2800000        0.9265171E-02       0.4453786E-01
  206       3.2960000        0.8574542E-02       0.4181556E-01
  207       3.3120000        0.7926298E-02       0.3923861E-01
  208       3.3280000        0.7318166E-02       0.3680039E-01
  209       3.3440000        0.6747980E-02       0.3449449E-01
  210       3.3600000        0.6213670E-02       0.3231476E-01
  211       3.3760000        0.5713266E-02       0.3025526E-01
  212       3.3920000        0.5244891E-02       0.2831026E-01
  213       3.4080000        0.4806756E-02       0.2647429E-01
  214       3.4240000        0.4397161E-02       0.2474204E-01
  215       3.4400000        0.4014485E-02       0.2310843E-01
  216       3.4560000        0.3657191E-02       0.2156860E-01
  217       3.4720000        0.3323815E-02       0.2011787E-01
  218       3.4880000        0.3012968E-02       0.1875174E-01
  219       3.5040000        0.2723331E-02       0.1746591E-01
  220       3.5200000        0.2453652E-02       0.1625626E-01
  221       3.5360000        0.2202745E-02       0.1511885E-01
  222       3.5520000        0.1969484E-02       0.1404991E-01
  223       3.5680000        0.1752802E-02       0.1304582E-01
  224       3.5840000        0.1551691E-02       0.1210313E-01
  225       3.6000000        0.1365192E-02       0.1121856E-01
  226       3.6160000        0.1192403E-02       0.1038896E-01
  227       3.6320000        0.1032469E-02       0.9611324E-02
  228       3.6480000        0.8845792E-03       0.8882799E-02
  229       3.6640000        0.7479716E-03       0.8200657E-02
  230       3.6800000        0.6219246E-03       0.7562302E-02
  231       3.6960000        0.5057576E-03       0.6965264E-02
  232       3.7120000        0.3988284E-03       0.6407191E-02
  233       3.7280000        0.3005316E-03       0.5885849E-02
  234       3.7440000        0.2102967E-03       0.5399111E-02
  235       3.7600000        0.1275862E-03       0.4944962E-02
  236       3.7760000        0.5189433E-04       0.4521484E-02
  237       3.7920000       -0.1725513E-04       0.4126861E-02
  238       3.8080000       -0.8030990E-04       0.3759369E-02
  239       3.8240000       -0.1376909E-03       0.3417373E-02
  240       3.8400000       -0.1897936E-03       0.3099328E-02
  241       3.8560000       -0.2369893E-03       0.2803766E-02
  242       3.8720000       -0.2796266E-03       0.2529301E-02
  243       3.8880000       -0.3180324E-03       0.2274623E-02
  244       3.9040000       -0.3525134E-03       0.2038491E-02
  245       3.9200000       -0.3833568E-03       0.1819733E-02
  246       3.9360000       -0.4108316E-03       0.1617243E-02
  247       3.9520000       -0.4351898E-03       0.1429978E-02
  248       3.9680000       -0.4566669E-03       0.1256953E-02
  249       3.9840000       -0.4754832E-03       0.1097238E-02
  250       4.0000000       -0.4918448E-03       0.9499586E-03
  251       4.0160000       -0.5059438E-03       0.8142907E-03
  252       4.0320000       -0.5179599E-03       0.6894581E-03
  253       4.0480000       -0.5280604E-03       0.5747308E-03
  254       4.0640000       -0.5364015E-03       0.4694223E-03
  255       4.0800000       -0.5431287E-03       0.3728872E-03
  256       4.0960000       -0.5483774E-03       0.2845194E-03
  257       4.1120000       -0.5522738E-03       0.2037496E-03
  258       4.1280000       -0.5549351E-03       0.1300438E-03
  259       4.1440000       -0.5564702E-03       0.6290095E-04
  260       4.1600000       -0.5569804E-03       0.1851538E-05
  261       4.1760000       -0.5565596E-03      -0.5354443E-04
  262       4.1920000       -0.5552949E-03      -0.1036989E-03
  263       4.2080000       -0.5532671E-03      -0.1489976E-03
  264       4.2240000       -0.5505510E-03      -0.1898009E-03
  265       4.2400000       -0.5472157E-03      -0.2264463E-03
  266       4.2560000       -0.5433252E-03      -0.2592486E-03
  267       4.2720000       -0.5389386E-03      -0.2885020E-03
  268       4.2880000       -0.5341106E-03      -0.3144810E-03
  269       4.3040000       -0.5288913E-03      -0.3374419E-03
  270       4.3200000       -0.5233273E-03      -0.3576232E-03
  271       4.3360000       -0.5174610E-03      -0.3752474E-03
  272       4.3520000       -0.5113319E-03      -0.3905216E-03
  273       4.3680000       -0.5049758E-03      -0.4036385E-03
  274       4.3840000       -0.4984260E-03      -0.4147773E-03
  275       4.4000000       -0.4917126E-03      -0.4241045E-03
  276       4.4160000       -0.4848635E-03      -0.4317748E-03
  277       4.4320000       -0.4779039E-03      -0.4379318E-03
  278       4.4480000       -0.4708570E-03      -0.4427088E-03
  279       4.4640000       -0.4637439E-03      -0.4462291E-03
  280       4.4800000       -0.4565838E-03      -0.4486071E-03
  281       4.4960000       -0.4493940E-03      -0.4499488E-03
  282       4.5120000       -0.4421904E-03      -0.4503519E-03
  283       4.5280000       -0.4349873E-03      -0.4499071E-03
  284       4.5440000       -0.4277975E-03      -0.4486978E-03
  285       4.5600000       -0.4206326E-03      -0.4468014E-03
  286       4.5760000       -0.4135031E-03      -0.4442888E-03
  287       4.5920000       -0.4064183E-03      -0.4412256E-03
  288       4.6080000       -0.3993865E-03      -0.4376722E-03
  289       4.6240000       -0.3924151E-03      -0.4336841E-03
  290       4.6400000       -0.3855107E-03      -0.4293121E-03
  291       4.6560000       -0.3786789E-03      -0.4246032E-03
  292       4.6720000       -0.3719249E-03      -0.4196002E-03
  293       4.6880000       -0.3652531E-03      -0.4143424E-03
  294       4.7040000       -0.3586671E-03      -0.4088657E-03
  295       4.7200000       -0.3521704E-03      -0.4032031E-03
  296       4.7360000       -0.3457655E-03      -0.3973844E-03
  297       4.7520000       -0.3394548E-03      -0.3914370E-03
  298       4.7680000       -0.3332400E-03      -0.3853858E-03
  299       4.7840000       -0.3271228E-03      -0.3792534E-03
  300       4.8000000       -0.3211043E-03      -0.3730602E-03
  301       4.8160000       -0.3151851E-03      -0.3668249E-03
  302       4.8320000       -0.3093660E-03      -0.3605641E-03
  303       4.8480000       -0.3036471E-03      -0.3542930E-03
  304       4.8640000       -0.2980286E-03      -0.3480252E-03
  305       4.8800000       -0.2925103E-03      -0.3417729E-03
  306       4.8960000       -0.2870917E-03      -0.3355470E-03
  307       4.9120000       -0.2817726E-03      -0.3293573E-03
  308       4.9280000       -0.2765521E-03      -0.3232125E-03
  309       4.9440000       -0.2714295E-03      -0.3171202E-03
  310       4.9600000       -0.2664039E-03      -0.3110872E-03
  311       4.9760000       -0.2614743E-03      -0.3051194E-03
  312       4.9920000       -0.2566397E-03      -0.2992221E-03
  313       5.0080000       -0.2518988E-03      -0.2933996E-03
  314       5.0240000       -0.2472505E-03      -0.2876560E-03
  315       5.0400000       -0.2426934E-03      -0.2819943E-03
  316       5.0560000       -0.2382262E-03      -0.2764174E-03
  317       5.0720000       -0.2338476E-03      -0.2709277E-03
  318       5.0880000       -0.2295561E-03      -0.2655268E-03
  319       5.1040000       -0.2253502E-03      -0.2602163E-03
  320       5.1200000       -0.2212287E-03      -0.2549973E-03
  321       5.1360000       -0.2171898E-03      -0.2498705E-03
  322       5.1520000       -0.2132323E-03      -0.2448365E-03
  323       5.1680000       -0.2093546E-03      -0.2398955E-03
  324       5.1840000       -0.2055552E-03      -0.2350475E-03
  325       5.2000000       -0.2018326E-03      -0.2302924E-03
  326       5.2160000       -0.1981853E-03      -0.2256296E-03
  327       5.2320000       -0.1946119E-03      -0.2210588E-03
  328       5.2480000       -0.1911109E-03      -0.2165792E-03
  329       5.2640000       -0.1876809E-03      -0.2121900E-03
  330       5.2800000       -0.1843204E-03      -0.2078902E-03
  331       5.2960000       -0.1810279E-03      -0.2036789E-03
  332       5.3120000       -0.1778022E-03      -0.1995549E-03
  333       5.3280000       -0.1746417E-03      -0.1955171E-03
  334       5.3440000       -0.1715452E-03      -0.1915642E-03
  335       5.3600000       -0.1685112E-03      -0.1876949E-03
  336       5.3760000       -0.1655385E-03      -0.1839079E-03
  337       5.3920000       -0.1626257E-03      -0.1802017E-03
  338       5.4080000       -0.1597716E-03      -0.1765751E-03
  339       5.4240000       -0.1569749E-03      -0.1730266E-03
  340       5.4400000       -0.1542344E-03      -0.1695547E-03
  341       5.4560000       -0.1515488E-03      -0.1661580E-03
  342       5.4720000       -0.1489169E-03      -0.1628350E-03
  343       5.4880000       -0.1463377E-03      -0.1595842E-03
  344       5.5040000       -0.1438099E-03      -0.1564043E-03
  345       5.5200000       -0.1413324E-03      -0.1532938E-03
  346       5.5360000       -0.1389041E-03      -0.1502511E-03
  347       5.5520000       -0.1365240E-03      -0.1472750E-03
  348       5.5680000       -0.1341909E-03      -0.1443639E-03
  349       5.5840000       -0.1319040E-03      -0.1415165E-03
  350       5.6000000       -0.1296621E-03      -0.1387313E-03
  351       5.6160000       -0.1274643E-03      -0.1360070E-03
  352       5.6320000       -0.1253095E-03      -0.1333423E-03
  353       5.6480000       -0.1231970E-03      -0.1307358E-03
  354       5.6640000       -0.1211257E-03      -0.1281862E-03
  355       5.6800000       -0.1190947E-03      -0.1256922E-03
  356       5.6960000       -0.1171032E-03      -0.1232526E-03
  357       5.7120000       -0.1151504E-03      -0.1208661E-03
  358       5.7280000       -0.1132353E-03      -0.1185315E-03
  359       5.7440000       -0.1113571E-03      -0.1162476E-03
  360       5.7600000       -0.1095151E-03      -0.1140132E-03
  361       5.7760000       -0.1077084E-03      -0.1118272E-03
  362       5.7920000       -0.1059363E-03      -0.1096884E-03
  363       5.8080000       -0.1041981E-03      -0.1075958E-03
  364       5.8240000       -0.1024930E-03      -0.1055483E-03
  365       5.8400000       -0.1008204E-03      -0.1035449E-03
  366       5.8560000       -0.9917938E-04      -0.1015844E-03
  367       5.8720000       -0.9756943E-04      -0.9966598E-04
  368       5.8880000       -0.9598985E-04      -0.9778856E-04
  369       5.9040000       -0.9443998E-04      -0.9595120E-04
  370       5.9200000       -0.9291920E-04      -0.9415298E-04
  371       5.9360000       -0.9142688E-04      -0.9239297E-04
  372       5.9520000       -0.8996243E-04      -0.9067029E-04
  373       5.9680000       -0.8852524E-04      -0.8898406E-04
  374       5.9840000       -0.8711475E-04      -0.8733344E-04
  375       6.0000000       -0.8573038E-04      -0.8571758E-04
  376       6.0160000       -0.8437160E-04      -0.8413569E-04
  377       6.0320000       -0.8303786E-04      -0.8258698E-04
  378       6.0480000       -0.8172865E-04      -0.8107067E-04
  379       6.0640000       -0.8044343E-04      -0.7958601E-04
  380       6.0800000       -0.7918173E-04      -0.7813227E-04
  381       6.0960000       -0.7794304E-04      -0.7670873E-04
  382       6.1120000       -0.7672689E-04      -0.7531470E-04
  383       6.1280000       -0.7553282E-04      -0.7394949E-04
  384       6.1440000       -0.7436036E-04      -0.7261245E-04
  385       6.1600000       -0.7320907E-04      -0.7130292E-04
  386       6.1760000       -0.7207852E-04      -0.7002028E-04
  387       6.1920000       -0.7096828E-04      -0.6876390E-04
  388       6.2080000       -0.6987794E-04      -0.6753319E-04
  389       6.2240000       -0.6880709E-04      -0.6632757E-04
  390       6.2400000       -0.6775533E-04      -0.6514645E-04
  391       6.2560000       -0.6672227E-04      -0.6398930E-04
  392       6.2720000       -0.6570754E-04      -0.6285555E-04
  393       6.2880000       -0.6471077E-04      -0.6174468E-04
  394       6.3040000       -0.6373160E-04      -0.6065618E-04
  395       6.3200000       -0.6276966E-04      -0.5958955E-04
  396       6.3360000       -0.6182462E-04      -0.5854428E-04
  397       6.3520000       -0.6089613E-04      -0.5751991E-04
  398       6.3680000       -0.5998387E-04      -0.5651596E-04
  399       6.3840000       -0.5908751E-04      -0.5553197E-04
  400       6.4000000       -0.5820674E-04      -0.5456751E-04
  401       6.4160000       -0.5734125E-04      -0.5362214E-04
  402       6.4320000       -0.5649073E-04      -0.5269544E-04
  403       6.4480000       -0.5565490E-04      -0.5178699E-04
  404       6.4640000       -0.5483346E-04      -0.5089638E-04
  405       6.4800000       -0.5402612E-04      -0.5002324E-04
  406       6.4960000       -0.5323262E-04      -0.4916717E-04
  407       6.5120000       -0.5245268E-04      -0.4832780E-04
  408       6.5280000       -0.5168604E-04      -0.4750476E-04
  409       6.5440000       -0.5093245E-04      -0.4669770E-04
  410       6.5600000       -0.5019163E-04      -0.4590626E-04
  411       6.5760000       -0.4946336E-04      -0.4513012E-04
  412       6.5920000       -0.4874739E-04      -0.4436894E-04
  413       6.6080000       -0.4804348E-04      -0.4362239E-04
  414       6.6240000       -0.4735140E-04      -0.4289017E-04
  415       6.6400000       -0.4667092E-04      -0.4217195E-04
  416       6.6560000       -0.4600182E-04      -0.4146745E-04
  417       6.6720000       -0.4534389E-04      -0.4077636E-04
  418       6.6880000       -0.4469691E-04      -0.4009840E-04
  419       6.7040000       -0.4406067E-04      -0.3943330E-04
  420       6.7200000       -0.4343498E-04      -0.3878077E-04
  421       6.7360000       -0.4281962E-04      -0.3814055E-04
  422       6.7520000       -0.4221441E-04      -0.3751238E-04
  423       6.7680000       -0.4161916E-04      -0.3689601E-04
  424       6.7840000       -0.4103368E-04      -0.3629119E-04
  425       6.8000000       -0.4045778E-04      -0.3569766E-04
  426       6.8160000       -0.3989130E-04      -0.3511521E-04
  427       6.8320000       -0.3933404E-04      -0.3454359E-04
  428       6.8480000       -0.3878584E-04      -0.3398258E-04
  429       6.8640000       -0.3824654E-04      -0.3343196E-04
  430       6.8800000       -0.3771597E-04      -0.3289151E-04
  431       6.8960000       -0.3719396E-04      -0.3236102E-04
  432       6.9120000       -0.3668036E-04      -0.3184029E-04
  433       6.9280000       -0.3617502E-04      -0.3132912E-04
  434       6.9440000       -0.3567778E-04      -0.3082730E-04
  435       6.9600000       -0.3518850E-04      -0.3033464E-04
  436       6.9760000       -0.3470702E-04      -0.2985096E-04
  437       6.9920000       -0.3423322E-04      -0.2937608E-04
  438       7.0080000       -0.3376694E-04      -0.2890981E-04
  439       7.0240000       -0.3330806E-04      -0.2845198E-04
  440       7.0400000       -0.3285644E-04      -0.2800241E-04
  441       7.0560000       -0.3241194E-04      -0.2756095E-04
  442       7.0720000       -0.3197444E-04      -0.2712742E-04
  443       7.0880000       -0.3154382E-04      -0.2670167E-04
  444       7.1040000       -0.3111995E-04      -0.2628354E-04
  445       7.1200000       -0.3070271E-04      -0.2587287E-04
  446       7.1360000       -0.3029198E-04      -0.2546952E-04
  447       7.1520000       -0.2988765E-04      -0.2507334E-04
  448       7.1680000       -0.2948960E-04      -0.2468419E-04
  449       7.1840000       -0.2909772E-04      -0.2430192E-04
  450       7.2000000       -0.2871190E-04      -0.2392641E-04
  451       7.2160000       -0.2833203E-04      -0.2355751E-04
  452       7.2320000       -0.2795802E-04      -0.2319510E-04
  453       7.2480000       -0.2758976E-04      -0.2283905E-04
  454       7.2640000       -0.2722714E-04      -0.2248922E-04
  455       7.2800000       -0.2687007E-04      -0.2214551E-04
  456       7.2960000       -0.2651845E-04      -0.2180779E-04
  457       7.3120000       -0.2617219E-04      -0.2147594E-04
  458       7.3280000       -0.2583119E-04      -0.2114986E-04
  459       7.3440000       -0.2549536E-04      -0.2082941E-04
  460       7.3600000       -0.2516462E-04      -0.2051451E-04
  461       7.3760000       -0.2483887E-04      -0.2020503E-04
  462       7.3920000       -0.2451803E-04      -0.1990088E-04
  463       7.4080000       -0.2420201E-04      -0.1960195E-04
  464       7.4240000       -0.2389074E-04      -0.1930813E-04
  465       7.4400000       -0.2358413E-04      -0.1901935E-04
  466       7.4560000       -0.2328210E-04      -0.1873548E-04
  467       7.4720000       -0.2298457E-04      -0.1845645E-04
  468       7.4880000       -0.2269146E-04      -0.1818216E-04
  469       7.5040000       -0.2240271E-04      -0.1791252E-04
  470       7.5200000       -0.2211824E-04      -0.1764743E-04
  471       7.5360000       -0.2183797E-04      -0.1738682E-04
  472       7.5520000       -0.2156184E-04      -0.1713060E-04
  473       7.5680000       -0.2128977E-04      -0.1687869E-04
  474       7.5840000       -0.2102170E-04      -0.1663100E-04
  475       7.6000000       -0.2075755E-04      -0.1638746E-04
  476       7.6160000       -0.2049728E-04      -0.1614798E-04
  477       7.6320000       -0.2024080E-04      -0.1591250E-04
  478       7.6480000       -0.1998806E-04      -0.1568093E-04
  479       7.6640000       -0.1973899E-04      -0.1545320E-04
  480       7.6800000       -0.1949353E-04      -0.1522925E-04
  481       7.6960000       -0.1925163E-04      -0.1500900E-04
  482       7.7120000       -0.1901323E-04      -0.1479238E-04
  483       7.7280000       -0.1877826E-04      -0.1457932E-04
  484       7.7440000       -0.1854667E-04      -0.1436977E-04
  485       7.7600000       -0.1831841E-04      -0.1416365E-04
  486       7.7760000       -0.1809341E-04      -0.1396090E-04
  487       7.7920000       -0.1787164E-04      -0.1376147E-04
  488       7.8080000       -0.1765303E-04      -0.1356528E-04
  489       7.8240000       -0.1743753E-04      -0.1337228E-04
  490       7.8400000       -0.1722510E-04      -0.1318242E-04
  491       7.8560000       -0.1701568E-04      -0.1299563E-04
  492       7.8720000       -0.1680922E-04      -0.1281185E-04
  493       7.8880000       -0.1660568E-04      -0.1263105E-04
  494       7.9040000       -0.1640501E-04      -0.1245315E-04
  495       7.9200000       -0.1620717E-04      -0.1227811E-04
  496       7.9360000       -0.1601210E-04      -0.1210587E-04
  497       7.9520000       -0.1581977E-04      -0.1193640E-04
  498       7.9680000       -0.1563012E-04      -0.1176962E-04
  499       7.9840000       -0.1544312E-04      -0.1160551E-04
  500       8.0000000       -0.1525873E-04      -0.1144400E-04
  501       8.0160000       -0.1507690E-04      -0.1128506E-04
  502       8.0320000       -0.1489760E-04      -0.1112864E-04
  503       8.0480000       -0.1472077E-04      -0.1097469E-04
  504       8.0640000       -0.1454639E-04      -0.1082317E-04
  505       8.0800000       -0.1437442E-04      -0.1067403E-04
  506       8.0960000       -0.1420481E-04      -0.1052724E-04
  507       8.1120000       -0.1403753E-04      -0.1038275E-04
  508       8.1280000       -0.1387255E-04      -0.1024053E-04
  509       8.1440000       -0.1370983E-04      -0.1010052E-04
  510       8.1600000       -0.1354932E-04      -0.9962703E-05
  511       8.1760000       -0.1339101E-04      -0.9827027E-05
  512       8.1920000       -0.1323485E-04      -0.9693459E-05
  513       8.2080000       -0.1308081E-04      -0.9561961E-05
  514       8.2240000       -0.1292885E-04      -0.9432498E-05
  515       8.2400000       -0.1277895E-04      -0.9305034E-05
  516       8.2560000       -0.1263108E-04      -0.9179536E-05
  517       8.2720000       -0.1248520E-04      -0.9055967E-05
  518       8.2880000       -0.1234128E-04      -0.8934297E-05
  519       8.3040000       -0.1219929E-04      -0.8814490E-05
  520       8.3200000       -0.1205921E-04      -0.8696517E-05
  521       8.3360000       -0.1192099E-04      -0.8580344E-05
  522       8.3520000       -0.1178463E-04      -0.8465942E-05
  523       8.3680000       -0.1165007E-04      -0.8353279E-05
  524       8.3840000       -0.1151731E-04      -0.8242327E-05
  525       8.4000000       -0.1138631E-04      -0.8133056E-05
  526       8.4160000       -0.1125705E-04      -0.8025437E-05
  527       8.4320000       -0.1112949E-04      -0.7919443E-05
  528       8.4480000       -0.1100361E-04      -0.7815046E-05
  529       8.4640000       -0.1087940E-04      -0.7712218E-05
  530       8.4800000       -0.1075682E-04      -0.7610934E-05
  531       8.4960000       -0.1063584E-04      -0.7511167E-05
  532       8.5120000       -0.1051645E-04      -0.7412892E-05
  533       8.5280000       -0.1039862E-04      -0.7316083E-05
  534       8.5440000       -0.1028233E-04      -0.7220717E-05
  535       8.5600000       -0.1016755E-04      -0.7126769E-05
  536       8.5760000       -0.1005426E-04      -0.7034215E-05
  537       8.5920000       -0.9942447E-05      -0.6943033E-05
  538       8.6080000       -0.9832079E-05      -0.6853198E-05
  539       8.6240000       -0.9723138E-05      -0.6764690E-05
  540       8.6400000       -0.9615602E-05      -0.6677486E-05
  541       8.6560000       -0.9509452E-05      -0.6591564E-05
  542       8.6720000       -0.9404666E-05      -0.6506903E-05
  543       8.6880000       -0.9301224E-05      -0.6423482E-05
  544       8.7040000       -0.9199108E-05      -0.6341282E-05
  545       8.7200000       -0.9098297E-05      -0.6260282E-05
  546       8.7360000       -0.8998772E-05      -0.6180462E-05
  547       8.7520000       -0.8900516E-05      -0.6101802E-05
  548       8.7680000       -0.8803509E-05      -0.6024285E-05
  549       8.7840000       -0.8707733E-05      -0.5947892E-05
  550       8.8000000       -0.8613170E-05      -0.5872603E-05
  551       8.8160000       -0.8519803E-05      -0.5798402E-05
  552       8.8320000       -0.8427616E-05      -0.5725270E-05
  553       8.8480000       -0.8336589E-05      -0.5653191E-05
  554       8.8640000       -0.8246708E-05      -0.5582146E-05
  555       8.8800000       -0.8157955E-05      -0.5512121E-05
  556       8.8960000       -0.8070315E-05      -0.5443097E-05
  557       8.9120000       -0.7983771E-05      -0.5375059E-05
  558       8.9280000       -0.7898308E-05      -0.5307992E-05
  559       8.9440000       -0.7813910E-05      -0.5241879E-05
  560       8.9600000       -0.7730562E-05      -0.5176706E-05
  561       8.9760000       -0.7648250E-05      -0.5112457E-05
  562       8.9920000       -0.7566959E-05      -0.5049118E-05
  563       9.0080000       -0.7486674E-05      -0.4986674E-05
  564       9.0240000       -0.7407381E-05      -0.4925111E-05
  565       9.0400000       -0.7329066E-05      -0.4864415E-05
  566       9.0560000       -0.7251715E-05      -0.4804573E-05
  567       9.0720000       -0.7175315E-05      -0.4745570E-05
  568       9.0880000       -0.7099852E-05      -0.4687394E-05
  569       9.1040000       -0.7025314E-05      -0.4630032E-05
  570       9.1200000       -0.6951687E-05      -0.4573470E-05
  571       9.1360000       -0.6878959E-05      -0.4517697E-05
  572       9.1520000       -0.6807117E-05      -0.4462700E-05
  573       9.1680000       -0.6736148E-05      -0.4408467E-05
  574       9.1840000       -0.6666042E-05      -0.4354985E-05
  575       9.2000000       -0.6596785E-05      -0.4302244E-05
  576       9.2160000       -0.6528366E-05      -0.4250231E-05
  577       9.2320000       -0.6460773E-05      -0.4198936E-05
  578       9.2480000       -0.6393996E-05      -0.4148347E-05
  579       9.2640000       -0.6328023E-05      -0.4098454E-05
  580       9.2800000       -0.6262842E-05      -0.4049245E-05
  581       9.2960000       -0.6198443E-05      -0.4000710E-05
  582       9.3120000       -0.6134816E-05      -0.3952839E-05
  583       9.3280000       -0.6071949E-05      -0.3905622E-05
  584       9.3440000       -0.6009832E-05      -0.3859048E-05
  585       9.3600000       -0.5948456E-05      -0.3813107E-05
  586       9.3760000       -0.5887810E-05      -0.3767791E-05
  587       9.3920000       -0.5827883E-05      -0.3723089E-05
  588       9.4080000       -0.5768668E-05      -0.3678992E-05
  589       9.4240000       -0.5710152E-05      -0.3635491E-05
  590       9.4400000       -0.5652329E-05      -0.3592577E-05
  591       9.4560000       -0.5595187E-05      -0.3550241E-05
  592       9.4720000       -0.5538718E-05      -0.3508474E-05
  593       9.4880000       -0.5482913E-05      -0.3467267E-05
  594       9.5040000       -0.5427763E-05      -0.3426613E-05
  595       9.5200000       -0.5373258E-05      -0.3386503E-05
  596       9.5360000       -0.5319392E-05      -0.3346928E-05
  597       9.5520000       -0.5266154E-05      -0.3307881E-05
  598       9.5680000       -0.5213537E-05      -0.3269354E-05
  599       9.5840000       -0.5161532E-05      -0.3231339E-05
  600       9.6000000       -0.5110131E-05      -0.3193828E-05
  601       9.6160000       -0.5059327E-05      -0.3156814E-05
  602       9.6320000       -0.5009110E-05      -0.3120289E-05
  603       9.6480000       -0.4959475E-05      -0.3084247E-05
  604       9.6640000       -0.4910412E-05      -0.3048679E-05
  605       9.6800000       -0.4861915E-05      -0.3013580E-05
  606       9.6960000       -0.4813975E-05      -0.2978941E-05
  607       9.7120000       -0.4766586E-05      -0.2944757E-05
  608       9.7280000       -0.4719740E-05      -0.2911021E-05
  609       9.7440000       -0.4673431E-05      -0.2877725E-05
  610       9.7600000       -0.4627651E-05      -0.2844864E-05
  611       9.7760000       -0.4582393E-05      -0.2812431E-05
  612       9.7920000       -0.4537651E-05      -0.2780420E-05
  613       9.8080000       -0.4493417E-05      -0.2748825E-05
  614       9.8240000       -0.4449686E-05      -0.2717639E-05
  615       9.8400000       -0.4406451E-05      -0.2686857E-05
  616       9.8560000       -0.4363705E-05      -0.2656473E-05
  617       9.8720000       -0.4321442E-05      -0.2626481E-05
  618       9.8880000       -0.4279655E-05      -0.2596875E-05
  619       9.9040000       -0.4238339E-05      -0.2567650E-05
  620       9.9200000       -0.4197488E-05      -0.2538801E-05
  621       9.9360000       -0.4157096E-05      -0.2510321E-05
  622       9.9520000       -0.4117156E-05      -0.2482206E-05
  623       9.9680000       -0.4077663E-05      -0.2454450E-05
  624       9.9840000       -0.4038612E-05      -0.2427048E-05
  625      10.0000000       -0.3999996E-05      -0.2399995E-05
  626      10.0160000       -0.3961810E-05      -0.2373287E-05
  627      10.0320000       -0.3924049E-05      -0.2346917E-05
  628      10.0480000       -0.3886707E-05      -0.2320882E-05
  629      10.0640000       -0.3849779E-05      -0.2295176E-05
  630      10.0800000       -0.3813260E-05      -0.2269795E-05
  631      10.0960000       -0.3777144E-05      -0.2244735E-05
  632      10.1120000       -0.3741427E-05      -0.2219990E-05
  633      10.1280000       -0.3706103E-05      -0.2195556E-05
  634      10.1440000       -0.3671167E-05      -0.2171430E-05
  635      10.1600000       -0.3636615E-05      -0.2147605E-05
  636      10.1760000       -0.3602442E-05      -0.2124080E-05
  637      10.1920000       -0.3568643E-05      -0.2100848E-05
  638      10.2080000       -0.3535213E-05      -0.2077906E-05
  639      10.2240000       -0.3502149E-05      -0.2055250E-05
  640      10.2400000       -0.3469444E-05      -0.2032876E-05
  641      10.2560000       -0.3437095E-05      -0.2010779E-05
  642      10.2720000       -0.3405098E-05      -0.1988957E-05
  643      10.2880000       -0.3373447E-05      -0.1967405E-05
  644      10.3040000       -0.3342139E-05      -0.1946120E-05
  645      10.3200000       -0.3311170E-05      -0.1925097E-05
  646      10.3360000       -0.3280535E-05      -0.1904334E-05
  647      10.3520000       -0.3250230E-05      -0.1883826E-05
  648      10.3680000       -0.3220251E-05      -0.1863570E-05
  649      10.3840000       -0.3190594E-05      -0.1843562E-05
  650      10.4000000       -0.3161256E-05      -0.1823800E-05
  651      10.4160000       -0.3132231E-05      -0.1804279E-05
  652      10.4320000       -0.3103517E-05      -0.1784997E-05
  653      10.4480000       -0.3075110E-05      -0.1765950E-05
  654      10.4640000       -0.3047006E-05      -0.1747135E-05
  655      10.4800000       -0.3019201E-05      -0.1728549E-05
  656      10.4960000       -0.2991691E-05      -0.1710188E-05
  657      10.5120000       -0.2964473E-05      -0.1692050E-05
  658      10.5280000       -0.2937544E-05      -0.1674131E-05
  659      10.5440000       -0.2910900E-05      -0.1656429E-05
  660      10.5600000       -0.2884537E-05      -0.1638941E-05
  661      10.5760000       -0.2858453E-05      -0.1621663E-05
  662      10.5920000       -0.2832643E-05      -0.1604593E-05
  663      10.6080000       -0.2807105E-05      -0.1587728E-05
  664      10.6240000       -0.2781835E-05      -0.1571065E-05
  665      10.6400000       -0.2756830E-05      -0.1554602E-05
  666      10.6560000       -0.2732086E-05      -0.1538336E-05
  667      10.6720000       -0.2707602E-05      -0.1522264E-05
  668      10.6880000       -0.2683373E-05      -0.1506383E-05
  669      10.7040000       -0.2659397E-05      -0.1490692E-05
  670      10.7200000       -0.2635670E-05      -0.1475187E-05
  671      10.7360000       -0.2612190E-05      -0.1459867E-05
  672      10.7520000       -0.2588953E-05      -0.1444727E-05
  673      10.7680000       -0.2565957E-05      -0.1429767E-05
  674      10.7840000       -0.2543200E-05      -0.1414984E-05
  675      10.8000000       -0.2520677E-05      -0.1400375E-05
  676      10.8160000       -0.2498387E-05      -0.1385938E-05
  677      10.8320000       -0.2476326E-05      -0.1371672E-05
  678      10.8480000       -0.2454492E-05      -0.1357572E-05
  679      10.8640000       -0.2432883E-05      -0.1343638E-05
  680      10.8800000       -0.2411495E-05      -0.1329868E-05
  681      10.8960000       -0.2390326E-05      -0.1316258E-05
  682      10.9120000       -0.2369374E-05      -0.1302807E-05
  683      10.9280000       -0.2348635E-05      -0.1289514E-05
  684      10.9440000       -0.2328109E-05      -0.1276375E-05
  685      10.9600000       -0.2307791E-05      -0.1263388E-05
  686      10.9760000       -0.2287679E-05      -0.1250553E-05
  687      10.9920000       -0.2267772E-05      -0.1237866E-05
  688      11.0080000       -0.2248067E-05      -0.1225326E-05
  689      11.0240000       -0.2228561E-05      -0.1212932E-05
  690      11.0400000       -0.2209252E-05      -0.1200680E-05
  691      11.0560000       -0.2190138E-05      -0.1188569E-05
  692      11.0720000       -0.2171217E-05      -0.1176598E-05
  693      11.0880000       -0.2152487E-05      -0.1164765E-05
  694      11.1040000       -0.2133944E-05      -0.1153067E-05
  695      11.1200000       -0.2115588E-05      -0.1141504E-05
  696      11.1360000       -0.2097415E-05      -0.1130072E-05
  697      11.1520000       -0.2079425E-05      -0.1118772E-05
  698      11.1680000       -0.2061614E-05      -0.1107600E-05
  699      11.1840000       -0.2043981E-05      -0.1096556E-05
  700      11.2000000       -0.2026523E-05      -0.1085637E-05
  701      11.2160000       -0.2009240E-05      -0.1074842E-05
  702      11.2320000       -0.1992128E-05      -0.1064170E-05
  703      11.2480000       -0.1975186E-05      -0.1053619E-05
  704      11.2640000       -0.1958411E-05      -0.1043187E-05
  705      11.2800000       -0.1941803E-05      -0.1032873E-05
  706      11.2960000       -0.1925359E-05      -0.1022676E-05
  707      11.3120000       -0.1909077E-05      -0.1012593E-05
  708      11.3280000       -0.1892955E-05      -0.1002624E-05
  709      11.3440000       -0.1876992E-05      -0.9927669E-06
  710      11.3600000       -0.1861186E-05      -0.9830204E-06
  711      11.3760000       -0.1845535E-05      -0.9733830E-06
  712      11.3920000       -0.1830037E-05      -0.9638535E-06
  713      11.4080000       -0.1814691E-05      -0.9544304E-06
  714      11.4240000       -0.1799495E-05      -0.9451125E-06
  715      11.4400000       -0.1784447E-05      -0.9358984E-06
  716      11.4560000       -0.1769546E-05      -0.9267868E-06
  717      11.4720000       -0.1754789E-05      -0.9177764E-06
  718      11.4880000       -0.1740176E-05      -0.9088660E-06
  719      11.5040000       -0.1725705E-05      -0.9000544E-06
  720      11.5200000       -0.1711374E-05      -0.8913402E-06
  721      11.5360000       -0.1697182E-05      -0.8827224E-06
  722      11.5520000       -0.1683126E-05      -0.8741996E-06
  723      11.5680000       -0.1669207E-05      -0.8657708E-06
  724      11.5840000       -0.1655421E-05      -0.8574347E-06
  725      11.6000000       -0.1641768E-05      -0.8491902E-06
  726      11.6160000       -0.1628247E-05      -0.8410362E-06
  727      11.6320000       -0.1614855E-05      -0.8329715E-06
  728      11.6480000       -0.1601591E-05      -0.8249951E-06
  729      11.6640000       -0.1588454E-05      -0.8171059E-06
  730      11.6800000       -0.1575443E-05      -0.8093027E-06
  731      11.6960000       -0.1562556E-05      -0.8015846E-06
  732      11.7120000       -0.1549792E-05      -0.7939506E-06
  733      11.7280000       -0.1537149E-05      -0.7863995E-06
  734      11.7440000       -0.1524627E-05      -0.7789303E-06
  735      11.7600000       -0.1512223E-05      -0.7715422E-06
  736      11.7760000       -0.1499937E-05      -0.7642340E-06
  737      11.7920000       -0.1487767E-05      -0.7570048E-06
  738      11.8080000       -0.1475713E-05      -0.7498537E-06
  739      11.8240000       -0.1463772E-05      -0.7427796E-06
  740      11.8400000       -0.1451943E-05      -0.7357817E-06
  741      11.8560000       -0.1440226E-05      -0.7288591E-06
  742      11.8720000       -0.1428619E-05      -0.7220108E-06
  743      11.8880000       -0.1417121E-05      -0.7152360E-06
  744      11.9040000       -0.1405731E-05      -0.7085337E-06
  745      11.9200000       -0.1394448E-05      -0.7019031E-06
  746      11.9360000       -0.1383270E-05      -0.6953433E-06
  747      11.9520000       -0.1372197E-05      -0.6888535E-06
  748      11.9680000       -0.1361226E-05      -0.6824328E-06
  749      11.9840000       -0.1350358E-05      -0.6760804E-06
  750      12.0000000       -0.1339591E-05      -0.6697955E-06
  751      12.0160000       -0.1328925E-05      -0.6635773E-06
  752      12.0320000       -0.1318357E-05      -0.6574250E-06
  753      12.0480000       -0.1307887E-05      -0.6513377E-06
  754      12.0640000       -0.1297513E-05      -0.6453149E-06
  755      12.0800000       -0.1287236E-05      -0.6393555E-06
  756      12.0960000       -0.1277054E-05      -0.6334590E-06
  757      12.1120000       -0.1266965E-05      -0.6276246E-06
  758      12.1280000       -0.1256969E-05      -0.6218514E-06
  759      12.1440000       -0.1247066E-05      -0.6161389E-06
  760      12.1600000       -0.1237253E-05      -0.6104863E-06
  761      12.1760000       -0.1227530E-05      -0.6048929E-06
  762      12.1920000       -0.1217896E-05      -0.5993580E-06
  763      12.2080000       -0.1208350E-05      -0.5938809E-06
  764      12.2240000       -0.1198891E-05      -0.5884609E-06
  765      12.2400000       -0.1189519E-05      -0.5830973E-06
  766      12.2560000       -0.1180232E-05      -0.5777896E-06
  767      12.2720000       -0.1171029E-05      -0.5725370E-06
  768      12.2880000       -0.1161910E-05      -0.5673389E-06
  769      12.3040000       -0.1152874E-05      -0.5621947E-06
  770      12.3200000       -0.1143920E-05      -0.5571037E-06
  771      12.3360000       -0.1135047E-05      -0.5520653E-06
  772      12.3520000       -0.1126254E-05      -0.5470790E-06
  773      12.3680000       -0.1117540E-05      -0.5421440E-06
  774      12.3840000       -0.1108905E-05      -0.5372599E-06
  775      12.4000000       -0.1100347E-05      -0.5324259E-06
  776      12.4160000       -0.1091867E-05      -0.5276417E-06
  777      12.4320000       -0.1083462E-05      -0.5229064E-06
  778      12.4480000       -0.1075134E-05      -0.5182197E-06
  779      12.4640000       -0.1066879E-05      -0.5135810E-06
  780      12.4800000       -0.1058699E-05      -0.5089896E-06
  781      12.4960000       -0.1050591E-05      -0.5044451E-06
  782      12.5120000       -0.1042556E-05      -0.4999469E-06
  783      12.5280000       -0.1034593E-05      -0.4954945E-06
  784      12.5440000       -0.1026700E-05      -0.4910873E-06
  785      12.5600000       -0.1018878E-05      -0.4867249E-06
  786      12.5760000       -0.1011125E-05      -0.4824067E-06
  787      12.5920000       -0.1003440E-05      -0.4781322E-06
  788      12.6080000       -0.9958242E-06      -0.4739010E-06
  789      12.6240000       -0.9882754E-06      -0.4697125E-06
  790      12.6400000       -0.9807932E-06      -0.4655663E-06
  791      12.6560000       -0.9733770E-06      -0.4614618E-06
  792      12.6720000       -0.9660262E-06      -0.4573987E-06
  793      12.6880000       -0.9587400E-06      -0.4533763E-06
  794      12.7040000       -0.9515179E-06      -0.4493944E-06
  795      12.7200000       -0.9443592E-06      -0.4454524E-06
  796      12.7360000       -0.9372632E-06      -0.4415498E-06
  797      12.7520000       -0.9302294E-06      -0.4376863E-06
  798      12.7680000       -0.9232571E-06      -0.4338613E-06
  799      12.7840000       -0.9163456E-06      -0.4300745E-06
  800      12.8000000       -0.9094945E-06      -0.4263254E-06
  801      12.8160000       -0.9027030E-06      -0.4226137E-06
  802      12.8320000       -0.8959707E-06      -0.4189388E-06
  803      12.8480000       -0.8892968E-06      -0.4153004E-06
  804      12.8640000       -0.8826809E-06      -0.4116981E-06
  805      12.8800000       -0.8761223E-06      -0.4081314E-06
  806      12.8960000       -0.8696205E-06      -0.4046000E-06
  807      12.9120000       -0.8631749E-06      -0.4011035E-06
  808      12.9280000       -0.8567850E-06      -0.3976415E-06
  809      12.9440000       -0.8504502E-06      -0.3942135E-06
  810      12.9600000       -0.8441700E-06      -0.3908193E-06
  811      12.9760000       -0.8379438E-06      -0.3874585E-06
  812      12.9920000       -0.8317711E-06      -0.3841307E-06
  813      13.0080000       -0.8256514E-06      -0.3808354E-06
  814      13.0240000       -0.8195842E-06      -0.3775725E-06
  815      13.0400000       -0.8135689E-06      -0.3743415E-06
  816      13.0560000       -0.8076051E-06      -0.3711420E-06
  817      13.0720000       -0.8016922E-06      -0.3679737E-06
  818      13.0880000       -0.7958298E-06      -0.3648363E-06
  819      13.1040000       -0.7900173E-06      -0.3617295E-06
  820      13.1200000       -0.7842543E-06      -0.3586528E-06
  821      13.1360000       -0.7785402E-06      -0.3556060E-06
  822      13.1520000       -0.7728747E-06      -0.3525888E-06
  823      13.1680000       -0.7672572E-06      -0.3496007E-06
  824      13.1840000       -0.7616873E-06      -0.3466416E-06
  825      13.2000000       -0.7561646E-06      -0.3437111E-06
  826      13.2160000       -0.7506884E-06      -0.3408089E-06
  827      13.2320000       -0.7452585E-06      -0.3379346E-06
  828      13.2480000       -0.7398744E-06      -0.3350880E-06
  829      13.2640000       -0.7345356E-06      -0.3322687E-06
  830      13.2800000       -0.7292416E-06      -0.3294766E-06
  831      13.2960000       -0.7239922E-06      -0.3267112E-06
  832      13.3120000       -0.7187867E-06      -0.3239723E-06
  833      13.3280000       -0.7136249E-06      -0.3212597E-06
  834      13.3440000       -0.7085063E-06      -0.3185729E-06
  835      13.3600000       -0.7034305E-06      -0.3159118E-06
  836      13.3760000       -0.6983970E-06      -0.3132761E-06
  837      13.3920000       -0.6934055E-06      -0.3106655E-06
  838      13.4080000       -0.6884556E-06      -0.3080797E-06
  839      13.4240000       -0.6835468E-06      -0.3055185E-06
  840      13.4400000       -0.6786788E-06      -0.3029816E-06
  841      13.4560000       -0.6738513E-06      -0.3004687E-06
  842      13.4720000       -0.6690637E-06      -0.2979796E-06
  843      13.4880000       -0.6643158E-06      -0.2955141E-06
  844      13.5040000       -0.6596071E-06      -0.2930718E-06
  845      13.5200000       -0.6549374E-06      -0.2906526E-06
  846      13.5360000       -0.6503061E-06      -0.2882562E-06
  847      13.5520000       -0.6457130E-06      -0.2858824E-06
  848      13.5680000       -0.6411578E-06      -0.2835308E-06
  849      13.5840000       -0.6366399E-06      -0.2812013E-06
  850      13.6000000       -0.6321592E-06      -0.2788937E-06
  851      13.6160000       -0.6277152E-06      -0.2766077E-06
  852      13.6320000       -0.6233077E-06      -0.2743431E-06
  853      13.6480000       -0.6189361E-06      -0.2720997E-06
  854      13.6640000       -0.6146004E-06      -0.2698772E-06
  855      13.6800000       -0.6103000E-06      -0.2676754E-06
  856      13.6960000       -0.6060346E-06      -0.2654941E-06
  857      13.7120000       -0.6018040E-06      -0.2633331E-06
  858      13.7280000       -0.5976079E-06      -0.2611922E-06
  859      13.7440000       -0.5934458E-06      -0.2590712E-06
  860      13.7600000       -0.5893175E-06      -0.2569698E-06
  861      13.7760000       -0.5852226E-06      -0.2548879E-06
  862      13.7920000       -0.5811610E-06      -0.2528252E-06
  863      13.8080000       -0.5771321E-06      -0.2507816E-06
  864      13.8240000       -0.5731359E-06      -0.2487568E-06
  865      13.8400000       -0.5691718E-06      -0.2467508E-06
  866      13.8560000       -0.5652397E-06      -0.2447631E-06
  867      13.8720000       -0.5613393E-06      -0.2427938E-06
  868      13.8880000       -0.5574702E-06      -0.2408425E-06
  869      13.9040000       -0.5536322E-06      -0.2389092E-06
  870      13.9200000       -0.5498250E-06      -0.2369935E-06
  871      13.9360000       -0.5460484E-06      -0.2350954E-06
  872      13.9520000       -0.5423019E-06      -0.2332147E-06
  873      13.9680000       -0.5385854E-06      -0.2313511E-06
  874      13.9840000       -0.5348986E-06      -0.2295045E-06
  875      14.0000000       -0.5312412E-06      -0.2276748E-06
  876      14.0160000       -0.5276129E-06      -0.2258617E-06
  877      14.0320000       -0.5240135E-06      -0.2240650E-06
  878      14.0480000       -0.5204427E-06      -0.2222847E-06
  879      14.0640000       -0.5169003E-06      -0.2205206E-06
  880      14.0800000       -0.5133860E-06      -0.2187724E-06
  881      14.0960000       -0.5098995E-06      -0.2170401E-06
  882      14.1120000       -0.5064406E-06      -0.2153234E-06
  883      14.1280000       -0.5030091E-06      -0.2136222E-06
  884      14.1440000       -0.4996046E-06      -0.2119363E-06
  885      14.1600000       -0.4962270E-06      -0.2102657E-06
  886      14.1760000       -0.4928760E-06      -0.2086100E-06
  887      14.1920000       -0.4895514E-06      -0.2069693E-06
  888      14.2080000       -0.4862529E-06      -0.2053433E-06
  889      14.2240000       -0.4829804E-06      -0.2037319E-06
  890      14.2400000       -0.4797335E-06      -0.2021349E-06
  891      14.2560000       -0.4765120E-06      -0.2005522E-06
  892      14.2720000       -0.4733157E-06      -0.1989836E-06
  893      14.2880000       -0.4701444E-06      -0.1974290E-06
  894      14.3040000       -0.4669979E-06      -0.1958884E-06
  895      14.3200000       -0.4638759E-06      -0.1943614E-06
  896      14.3360000       -0.4607783E-06      -0.1928480E-06
  897      14.3520000       -0.4577047E-06      -0.1913481E-06
  898      14.3680000       -0.4546551E-06      -0.1898615E-06
  899      14.3840000       -0.4516291E-06      -0.1883881E-06
  900      14.4000000       -0.4486266E-06      -0.1869277E-06
  901      14.4160000       -0.4456473E-06      -0.1854803E-06
  902      14.4320000       -0.4426911E-06      -0.1840456E-06
  903      14.4480000       -0.4397578E-06      -0.1826236E-06
  904      14.4640000       -0.4368471E-06      -0.1812142E-06
  905      14.4800000       -0.4339589E-06      -0.1798172E-06
  906      14.4960000       -0.4310929E-06      -0.1784325E-06
  907      14.5120000       -0.4282490E-06      -0.1770599E-06
  908      14.5280000       -0.4254269E-06      -0.1756994E-06
  909      14.5440000       -0.4226265E-06      -0.1743509E-06
  910      14.5600000       -0.4198476E-06      -0.1730141E-06
  911      14.5760000       -0.4170900E-06      -0.1716891E-06
  912      14.5920000       -0.4143535E-06      -0.1703756E-06
  913      14.6080000       -0.4116379E-06      -0.1690736E-06
  914      14.6240000       -0.4089431E-06      -0.1677830E-06
  915      14.6400000       -0.4062688E-06      -0.1665036E-06
  916      14.6560000       -0.4036149E-06      -0.1652353E-06
  917      14.6720000       -0.4009812E-06      -0.1639781E-06
  918      14.6880000       -0.3983676E-06      -0.1627318E-06
  919      14.7040000       -0.3957737E-06      -0.1614963E-06
  920      14.7200000       -0.3931996E-06      -0.1602716E-06
  921      14.7360000       -0.3906450E-06      -0.1590574E-06
  922      14.7520000       -0.3881097E-06      -0.1578537E-06
  923      14.7680000       -0.3855936E-06      -0.1566605E-06
  924      14.7840000       -0.3830965E-06      -0.1554775E-06
  925      14.8000000       -0.3806183E-06      -0.1543047E-06
  926      14.8160000       -0.3781587E-06      -0.1531420E-06
  927      14.8320000       -0.3757177E-06      -0.1519893E-06
  928      14.8480000       -0.3732950E-06      -0.1508466E-06
  929      14.8640000       -0.3708906E-06      -0.1497136E-06
  930      14.8800000       -0.3685041E-06      -0.1485904E-06
  931      14.8960000       -0.3661356E-06      -0.1474767E-06
  932      14.9120000       -0.3637848E-06      -0.1463726E-06
  933      14.9280000       -0.3614516E-06      -0.1452780E-06
  934      14.9440000       -0.3591359E-06      -0.1441927E-06
  935      14.9600000       -0.3568374E-06      -0.1431166E-06
  936      14.9760000       -0.3545561E-06      -0.1420497E-06
  937      14.9920000       -0.3522918E-06      -0.1409919E-06
  938      15.0080000       -0.3500443E-06      -0.1399431E-06
  939      15.0240000       -0.3478136E-06      -0.1389032E-06
  940      15.0400000       -0.3455994E-06      -0.1378721E-06
  941      15.0560000       -0.3434016E-06      -0.1368497E-06
  942      15.0720000       -0.3412201E-06      -0.1358360E-06
  943      15.0880000       -0.3390548E-06      -0.1348309E-06
  944      15.1040000       -0.3369055E-06      -0.1338343E-06
  945      15.1200000       -0.3347721E-06      -0.1328460E-06
  946      15.1360000       -0.3326544E-06      -0.1318662E-06
  947      15.1520000       -0.3305523E-06      -0.1308945E-06
  948      15.1680000       -0.3284657E-06      -0.1299310E-06
  949      15.1840000       -0.3263945E-06      -0.1289757E-06
  950      15.2000000       -0.3243384E-06      -0.1280283E-06
  951      15.2160000       -0.3222975E-06      -0.1270889E-06
  952      15.2320000       -0.3202716E-06      -0.1261574E-06
  953      15.2480000       -0.3182604E-06      -0.1252336E-06
  954      15.2640000       -0.3162640E-06      -0.1243176E-06
  955      15.2800000       -0.3142822E-06      -0.1234092E-06
  956      15.2960000       -0.3123149E-06      -0.1225085E-06
  957      15.3120000       -0.3103619E-06      -0.1216152E-06
  958      15.3280000       -0.3084232E-06      -0.1207293E-06
  959      15.3440000       -0.3064985E-06      -0.1198508E-06
  960      15.3600000       -0.3045879E-06      -0.1189796E-06
  961      15.3760000       -0.3026912E-06      -0.1181157E-06
  962      15.3920000       -0.3008082E-06      -0.1172589E-06
  963      15.4080000       -0.2989388E-06      -0.1164092E-06
  964      15.4240000       -0.2970830E-06      -0.1155665E-06
  965      15.4400000       -0.2952407E-06      -0.1147308E-06
  966      15.4560000       -0.2934116E-06      -0.1139020E-06
  967      15.4720000       -0.2915958E-06      -0.1130800E-06
  968      15.4880000       -0.2897930E-06      -0.1122648E-06
  969      15.5040000       -0.2880033E-06      -0.1114564E-06
  970      15.5200000       -0.2862264E-06      -0.1106545E-06
  971      15.5360000       -0.2844623E-06      -0.1098593E-06
  972      15.5520000       -0.2827108E-06      -0.1090705E-06
  973      15.5680000       -0.2809720E-06      -0.1082883E-06
  974      15.5840000       -0.2792456E-06      -0.1075124E-06
  975      15.6000000       -0.2775316E-06      -0.1067429E-06
  976      15.6160000       -0.2758298E-06      -0.1059797E-06
  977      15.6320000       -0.2741402E-06      -0.1052227E-06
  978      15.6480000       -0.2724626E-06      -0.1044719E-06
  979      15.6640000       -0.2707970E-06      -0.1037272E-06
  980      15.6800000       -0.2691433E-06      -0.1029885E-06
  981      15.6960000       -0.2675014E-06      -0.1022559E-06
  982      15.7120000       -0.2658711E-06      -0.1015292E-06
  983      15.7280000       -0.2642524E-06      -0.1008084E-06
  984      15.7440000       -0.2626452E-06      -0.1000934E-06
  985      15.7600000       -0.2610494E-06      -0.9938428E-07
  986      15.7760000       -0.2594649E-06      -0.9868085E-07
  987      15.7920000       -0.2578916E-06      -0.9798311E-07
  988      15.8080000       -0.2563294E-06      -0.9729101E-07
  989      15.8240000       -0.2547782E-06      -0.9660448E-07
  990      15.8400000       -0.2532380E-06      -0.9592348E-07
  991      15.8560000       -0.2517087E-06      -0.9524797E-07
  992      15.8720000       -0.2501901E-06      -0.9457789E-07
  993      15.8880000       -0.2486821E-06      -0.9391319E-07
  994      15.9040000       -0.2471848E-06      -0.9325382E-07
  995      15.9200000       -0.2456980E-06      -0.9259974E-07
  996      15.9360000       -0.2442216E-06      -0.9195089E-07
  997      15.9520000       -0.2427555E-06      -0.9130724E-07
  998      15.9680000       -0.2412997E-06      -0.9066873E-07
  999      15.9840000       -0.2398541E-06      -0.9003532E-07
 1000      16.0000000       -0.2384186E-06      -0.8940696E-07
 1001      16.0160000       -0.2369930E-06      -0.8878360E-07
